45688.782180259106
23277.366298788816
13011.402418311485
7830.109545713642
5162.957730694226
3702.8233054196767
2682.259301580432
1959.0239657012112
1443.2766641023572
1074.1733295409624
1074.1733295409624
809.4322306742242
616.5386166251801
616.5386166251801
476.206456007629
372.2967095441305
296.01902434658416
238.8820257562972
196.77439779424145
164.9605238345382
141.18329077908146
123.41135440818572
110.27945677355436
100.29175077174023
100.29175077174023
92.89953146309321
87.22691491525349
87.22691491525349
82.97611340615836
79.77737716482997
77.37480939636202
75.60835326193478
74.27437766730074
73.2730472458246
72.47996497501967
72.47996497501967
71.8827817708312
71.45476586950804
71.13178691862232
70.86633257084893
70.86633257084893
70.67069718972766
70.51859291654648
70.41263633650918
70.33150047672194
70.33150047672194
70.26241059891825
70.21719927683253
70.17597439135066
70.17597439135066
70.14499762855651
70.12848946959197
70.11351905493176
70.10205278228717
70.08927650823433
70.07865713537169
70.0686348403458
70.06356685316426
70.05965663997563
70.05965663997563
70.0566776440205
70.05435204641799
70.05272202725813
70.05143117103452
70.05143117103452
70.0504841956423
70.04975442909752
70.04920030521401
70.04920030521401
70.04920030521401
70.04888826905159
70.0485131372805
70.04825964654212
70.04806383724983
70.04789952035387
70.04789952035387
70.04789952035387
70.04778817634346
70.04769755190937
70.04762266320918
70.04758707737611
70.04754466728359
70.0475156636563
70.04748458945599
70.04746932707565
70.04745419679621
70.04744478760728
70.04743912683114
70.0474331673061
70.04742993688785
70.04742622090811
70.04742324511248
70.04742130106162
70.04742037214318
70.04742037214318
70.04741836788538
70.04741836788538
70.04741774168575
70.04741783157533
70.04741783157533
